442,508,310,244,128,130,174,138,0
508,506,308,214,108,118,178,112,0
508,488,318,272,96,140,216,112,0
506,452,210,212,200,62,74,86,0
254,192,125,224,106,44,75,71,0
253,122,119,203,133,57,52,66,0
254,221,79,117,136,64,90,52,0
254,149,169,126,91,99,104,94,0
254,175,190,194,149,116,118,131,1
668,1016,968,564,420,492,520,736,1
1012,760,884,788,540,692,532,648,1
996,756,828,876,516,1524,552,642,1
1140,912,1182,948,906,1524,510,648,1
1255,805,885,680,820,1270,545,320,1
1270,975,890,715,940,1230,565,475,1
1016,752,716,708,768,752,492,492,1
1016,936,728,484,620,592,500,556,1
762,672,417,612,543,639,531,663,1
684,534,699,672,528,762,612,681,1
285,477,762,639,399,684,651,468,1
279,138,732,705,450,483,729,762,1
695,785,1270,745,360,430,970,700,1
1016,464,988,724,336,408,912,556,1
1016,536,744,668,356,400,800,472,1
1016,552,716,552,272,592,840,492,1
1016,876,580,592,592,552,784,604,1
456,700,400,728,696,824,496,1016,1
351,528,234,543,600,639,420,762,1
560,724,252,768,972,1016,976,932,1
476,660,288,584,624,956,612,1016,1
292,652,356,472,380,732,744,1012,1
264,660,564,396,444,756,668,1016,1
905,685,860,680,470,555,585,1270,1
1270,530,1055,570,660,395,550,595,1
1524,546,966,630,672,348,738,612,1
1524,798,1068,900,666,348,756,564,1
2032,1464,1160,1560,736,456,952,648,1
1524,858,834,1218,828,228,762,558,1
1270,1055,790,1100,785,555,665,635,1
1270,1115,835,1115,815,770,750,775,1
1270,705,550,865,640,725,805,735,1
232,468,660,592,540,868,660,1012,1
248,368,564,484,512,884,520,1016,1
144,159,420,357,351,762,348,603,1
104,232,440,492,400,1016,444,708,1
128,332,552,364,416,1016,624,648,1
258,381,462,186,333,762,606,675,1
248,508,604,352,584,824,1016,816,1
432,412,576,408,796,720,1016,888,1
369,393,438,447,504,609,762,618,1
327,378,354,444,525,525,762,699,1
378,225,327,474,582,600,720,762,1
294,294,426,480,615,588,588,762,1
196,118,238,372,212,320,508,320,1
228,134,410,244,284,418,508,438,1
159,110,223,233,202,238,237,254,1
112,80,152,237,162,186,145,253,1
116,70,142,205,123,189,121,254,1
66,66,102,254,130,168,109,233,0
107,176,254,131,113,39,126,110,0
104,133,241,86,128,41,94,106,0
976,1016,1012,456,516,488,160,256,0
1778,1155,721,1134,931,525,147,350,0
2032,1312,808,1304,1032,592,192,360,0
1778,1239,693,1183,910,539,168,322,0
1778,1204,728,1162,924,532,175,308,0
1270,630,595,1005,465,175,185,200,0
508,228,184,324,232,110,88,76,0
254,130,105,91,66,53,32,46,0
254,82,113,108,68,55,56,45,0
253,125,116,115,69,54,59,56,0
254,97,112,86,73,75,31,58,0
238,235,112,131,94,102,65,82,0
140,254,139,106,81,79,84,43,0
214,253,195,142,129,88,75,76,0
216,227,225,163,219,134,67,55,0
254,111,163,154,156,98,64,46,0
240,127,254,158,179,131,79,53,0
192,110,254,146,134,108,69,43,0
232,184,254,205,160,132,85,53,0
236,211,254,221,138,132,97,49,0
254,172,237,143,105,110,89,42,0
254,231,131,189,112,86,95,42,0
157,254,120,139,100,146,86,62,0
176,254,117,123,112,152,41,55,0
204,254,162,156,126,215,56,84,0
209,254,122,214,116,212,59,74,0
243,243,253,136,149,213,84,106,0
308,212,184,162,424,508,432,286,1
220,224,222,256,460,508,348,204,1
324,250,308,374,406,508,360,260,1
390,384,362,404,398,508,426,252,1
621,531,477,582,636,708,732,759,1
528,462,369,456,345,621,594,762,1
708,600,612,596,880,844,792,1016,1
624,375,342,387,744,741,654,762,1
472,552,408,372,848,824,1016,936,1
416,332,436,380,868,568,1016,976,1
345,555,665,390,610,1270,990,840,1
580,584,376,344,552,1004,1012,772,1
580,588,428,476,564,960,1016,844,1
680,725,520,630,645,1270,1100,965,1
670,555,490,660,615,1270,610,970,1
543,486,504,666,744,447,738,762,1
159,390,717,759,669,318,603,657,1
153,270,762,702,657,504,495,576,1
150,288,762,612,702,498,468,390,1
114,375,573,672,711,762,555,573,1
176,296,364,824,1016,724,616,584,1
116,248,528,952,1016,796,664,608,1
105,264,492,693,576,759,567,510,1
261,279,483,600,579,762,693,618,1
231,354,480,612,537,762,669,504,1
240,402,255,522,489,762,561,594,1
309,327,477,348,597,759,762,723,1
320,232,384,504,548,1016,532,616,1
183,150,516,576,762,591,555,606,1
234,120,543,591,759,633,606,519,1
132,168,390,606,762,630,717,459,1
280,320,408,672,824,600,1016,532,1
272,436,356,616,760,584,1016,552,1
292,448,336,492,688,568,1016,548,1
440,384,600,480,584,940,1016,676,1
276,496,440,480,432,1016,360,788,1
276,500,492,596,564,1016,512,772,1
212,392,520,584,576,1012,648,760,1
207,429,618,588,735,762,558,753,1
90,357,762,642,588,657,597,642,1
198,321,762,693,543,642,654,543,1
172,150,380,256,402,508,478,298,1
180,192,454,332,364,508,498,352,1
216,384,606,375,399,606,762,525,1
207,282,486,336,450,591,762,714,1
171,243,399,273,402,354,609,762,1
288,258,429,300,675,564,762,753,1
240,285,282,243,414,624,762,678,1
222,303,351,183,396,606,762,612,1
230,296,224,108,324,506,484,306,0
228,270,206,134,318,438,508,198,0
236,254,170,150,179,128,166,195,0
229,254,200,180,197,128,143,158,0
224,249,249,171,197,65,153,200,0
254,221,127,135,180,31,144,179,0
229,250,178,148,149,54,115,176,0
207,207,185,156,112,80,98,181,0
160,143,189,126,82,105,126,148,0
166,128,173,160,84,78,91,61,0
157,109,166,155,98,94,87,51,0
145,110,113,110,98,90,87,49,0
124,72,118,118,106,100,89,50,0
108,145,132,95,132,97,86,45,0
109,123,121,91,97,101,51,38,0
127,129,103,98,112,60,34,43,0
178,124,133,139,101,63,35,45,0
186,138,146,97,94,58,45,60,0
254,204,131,92,68,38,39,49,0
254,224,136,48,88,17,42,44,0
254,206,117,92,77,19,37,40,0
254,162,90,130,83,48,57,33,0
254,185,69,144,99,68,25,21,0
217,176,117,197,138,92,55,25,0
209,182,95,172,147,97,80,33,0
181,230,155,156,156,86,108,52,0
153,251,147,121,148,83,104,50,0
191,253,134,105,84,124,82,35,0
161,253,185,143,89,127,73,50,0
210,210,231,159,122,135,61,53,0
195,178,182,151,134,121,27,33,0
170,207,160,122,254,133,129,83,1
114,83,202,184,222,202,254,168,1
162,196,266,244,444,322,308,508,1
188,476,484,672,564,560,596,1016,1
186,375,450,654,603,543,636,762,1
152,444,484,688,696,760,760,1016,1
236,468,444,668,696,668,780,1016,1
285,455,345,615,505,615,1265,695,1
295,365,635,440,415,655,1270,700,1
248,388,828,656,704,596,1012,544,1
222,435,690,615,576,660,762,741,1
228,488,852,708,1012,556,984,928,1
150,411,762,543,624,471,693,627,1
312,424,720,744,1016,612,996,740,1
280,348,580,592,880,772,1016,404,1
230,375,660,540,625,710,1270,765,1
160,465,625,805,585,635,1265,1025,1
165,490,610,695,795,795,1270,865,1
198,231,387,534,288,585,762,750,1
180,244,448,528,536,636,1016,916,1
200,228,328,412,452,504,652,1012,1
236,192,544,256,588,804,848,1012,1
285,201,489,279,405,693,540,762,1
147,225,387,279,393,663,375,762,1
96,136,292,226,284,508,306,416,1
88,142,296,292,270,508,320,368,0
254,88,221,163,156,114,157,178,0
180,253,122,89,219,134,122,254,0
161,253,125,79,171,151,130,171,0
159,253,127,99,145,108,126,164,0
217,254,174,124,111,135,141,161,0
254,230,224,174,232,226,218,205,0
249,254,166,119,153,176,86,98,0
234,253,169,124,144,140,72,78,0
